0	0	0	0	0	0	0	0	0	0	0	0	0	0	0.916542	0	0	0	0	0	0	0.434295	0	0	0	0	0	0	0	0	0.0440429	0	0	0	0	0	0	0	0	0	0	0	0	0	0	0	0	0	0	0	0	0	0	0.254919	0	0	0	0	0	0	0	0	0	0	0	1.67945	0	0	0	0	0	0	
0	0	0	0	0	0	0	0	0	0	0	0	0	0	0	0	0	0	0	0	0	0	0	0	0	0	0	0	0	0	0	0	0	0	0	0	0	0	0	0	1.05919	0	0	0	0	0	0	0	0	0	0	0	0	0	0	0	0	0	0	0	0	0	0	0	0	0	0	0	0	0	0	0.430236	
0	0	0	0	0	0	0	0	0	0	0	0	0	0	0	0	0	0	0	0	0	0	0	0	0	0	0	0	0	0	0	0	0	0	0	0	0	0	0	0	0	0	0	0	0	0	0	0	0	0	0	0	0	0	0	0	0	0	0	0	0	0	0	0	0	0	0	0	0	0	0	0	
0	0	0	0	0	0	0	0	0	0	0	0	0.381142	0	0	0	0	0	0	0	0	0	0	0	0	0	0	0	0	0	1.65979	0	0	0	0	0	0	0	0	0	0	0	0	0	0	0	0	0	0	0	0	0	0	0.218748	0	0	0	0	0	0	0	0	0.706251	0	1.24736	0	0	0	0	1.38483	0	0	
0	0	0	0	0	0	0	0	0	0	0	0	1.406	0	0	0	0	0	0	0	0	0	0	0	0	0	0	0	0	0	0	0	0	0	0	0	0	0	0	0	0	0	0	0	0	0	0	0	2.04235	0	0	0	0	0	0	0	0	0	0	0	0	0	0	0	0	0	0	0	0	0	0	0.019019	
0	0	0	0	0	0	0	0	0	0	0	0	0	0.774936	0	0	0	0	0	0	0	0	0	0	0	0	0	0	0	0	0	0	0	0	0	0	0	0	0	0	0	0	0	0	0	0	0	0	0	0	0.315387	0	0	0	0.674606	0	0.489081	0	0.0182936	0.037835	0.0462491	0.0334139	0.014268	0	0	0	0	0	0	0	0	0	
0	0	0	0	0	0	0	0	0	0	0	0	1.11356	0	0	0	0	0	0	0	0	0	0	0	0	0	0	0	0	1.63895	0	0	0	0	0	0	0	0	0	0	1.5317	0	0	0	0	0	0.508695	0	0	0	0	0	0	0	0	0	0	0.0456191	0.159635	0.33016	0.403584	0.291579	0.124507	0.495932	0	0	0	0	0	0	0	0	
0	0	0	0	0	0	0	0	0	0	0	0	0	0	0	0	0	0	0	0	0	0	0	0	0	0	0	0	0	0	0	0	0	0	0	0	0	0	0	0	0	0	0	0	0	0	0	0	0	0	0	0	0	0	0	0	0.0397396	0.235283	0.823327	1.70282	2.08151	1.50384	0	0	1.54137	0	0	0	0	0	0	0.319454	
0	0	0	0	0	0	0	0	0	0	0	0	0	0	0	0	0	0	0	0	0	0	0	0	0	0	0	0	0	0	0	0	0	0	0	0	0	0	0	0	0	0	0	0	0	1.31018	0	0	0	0	0	0	0	0	0	0.0120928	1.11519	0.717214	2.50975	5.1907	6.34506	4.58415	1.95748	0.494023	0.0736907	0	0	0	0	0	0	0	
0	0	0	0	0.312628	0	0	0	0	0	0	0	0	0	0	0	0	0.0145496	0	0.0261616	0.0123257	0	0	0	0	0	0	0	0	0.30046	0	0	0	0.179024	0	0	0	0	0	0	0	0	0	0	0	0	0	0	0	0.150741	0	0	0	0	0	0.0217871	0.218249	1.29217	4.52171	9.35186	10.2792	8.25907	3.5267	0.89006	0.132765	0.0117048	0	0.734316	0	0	0	0	
0	0	0	0	0	0	0	0	0	0	0	0	0	0	0	0	0.0456323	0.174156	0.0235501	0.313151	0.147537	0.0346106	0	0	0	0	0	0	0	0	0	0	0	0.167687	0	0	0	0	0	0	0	0	0	0	0	0	0	0	0	0	0	0	0	0	0	0.0231998	0.232402	1.37596	4.81491	9.95827	12.1729	8.79461	3.75538	0.947775	0.141374	0.0124638	0	0	0	0	0	0	
0	0	0	0	0	0	0	0	0	0	0	0	0	0	0	0.0354825	0.27197	1.03798	1.97249	1.86639	0.879327	0.20628	0.967025	0	0	0	0	0	0	0	0	0	0	0	0	0	0	0	0	0	0	0	0	0	0	0	0	0	0	0	0	0	0	0	0	0.0146011	0.146264	0.865977	3.03032	6.26735	7.66114	5.53499	2.36349	0.596493	0.0889754	0.297864	0	0	0	0	0	0	
0	0	0	0	0	0	0	0	0	0	0	0	0	0	0	0.105299	0.807106	3.08033	5.85363	5.53876	2.60951	0.612163	0.0715048	0	0	0.447671	0	0	0	0	0	0	0	0	0	0	0	0	0	0	0	0	0	0	0	0	0	0	0	0	0	0	0	0	0	0	0.0544067	0.322122	1.1272	2.3313	2.84975	2.05888	0.879159	0.22188	0.0330966	0	0	0	0	0	0	0	
0	0	0	0	0	0	0.502494	0.466101	0	0	0	0	0	0	0.0101076	0.155594	1.19261	4.55163	8.64957	8.1843	3.85593	0.904559	0.105659	0	0	0	0	0	0	0	0	0	0	0	0	0	0	0	0	0	0	0	0	0	0	0	0	0	0	1.04552	0	0	0	0	0	0	0.0119613	0.0708187	0.247816	0.512537	0.626519	0.452645	0.193284	0.0487805	0	0	0	0	0	0	0	0	
0	0	0	0	0	0	0	0	0	0	0	0	0	0.328765	0	0.114478	0.877465	3.34886	6.36391	6.02159	2.837	0.665528	0.0777381	0	0	0	0	0	0	0	0	0	2.09507	0	0	0	0	0	0	0	0	0	0	0	0	0	0	0	0	0	0	0	0	0	0.264524	0	0	0	0.0322011	0.0665988	0.0814096	0.0588165	0.0251152	0	0	0	0	0	0	0	0	0	
0	0	0	0	0	0	0	0	0	0	0	0	0	0.132752	0	0	0.321455	1.22684	2.33138	2.20598	1.03932	0.243813	0.0284789	0	0	0	0	0	0.0215809	0.36718	0	0	0	0	0	0	0	0	0	0	0	0	0	0	0	0	0	0	0	0	0	0	0	0	0	0	0	0	0	0.976668	0	0	0	0	0	0	0	0	0	0.724135	0	0	
0	0	0	0	0	0	1.63748	0	0	0	0	0	0	0	0	0	0.0586367	0.223788	0.425269	0.402394	0.189583	0.044474	0	0	0	0	0	0	0	0	0	0	0	0.534301	0	0	0	0	0	0	0	0	0	0	0	0	0	0	0	0	0	0	0	0	0	0	0	0	0	0	0	0	0	0	0	0	0	0	0	0	0	1.1427	
0	0	0	0	0	0	0	0	0	0	0	0	0	0.0775811	0	0	0	0.0203257	0.0386255	0.0365478	0.017219	0	0	0	0	0	0	0	0	0	0	0	0	1.41383	0	0	0	0	0	0	0	0	0	0	0	0	0	0	0	0	0	0	0	0	0	0	0	0	0	0	0	0	0	0	0	0	0	0	0	0	0	0	
0	0	0	0	0.841196	0	0	0	0	0	0	0	0	0	0	0	0	0	0	0	0	0	0	0	0	0	0	0	0	0	0	0	0	0	0	0	0	0	0	0	0	0	0	0	0	0	0	0	0	0	0	0	0	0	0	0	0	0	0	0	0	0	0	0	0	0	0	0	0	0	0.0293093	0	
0.579576	0	0	0	0	0	0	0	0	0	0	0	0	0	1.06417	0	2.43636	0	0	0	0	0	0	0	0	0	0	0	0	0	0	0	0.657705	0	0	0	0	0	0	0	0	0	0	0	0	0	0	0	0	0	0.136845	0	0	0	0	0	0.160793	0	0	0	0	0	0	0	0	0	0	0	0	0	0	0	
0	0	0	0	0	0	0	0	0	0.122101	0	0	0	0	0	0	0	0	0	0	0	0	0	0	0	0	0	0	0	0	0	0	0	0	0	0	0	0	0.93231	0	0	0	0.676751	0	0	0	0	0	0	0	0	0	0	0	0	0	0	0	0	0	0	0	0	0	0	0	0	0	0	0	0	0	
0	0	0	1.4417	0	0	0	0.081761	0	0	0	0	0	0	0	0	0	0	0	0	0	0	0	0	0	0	0	0	0	0	0	0	0.750202	0	0	0	0.247167	0	0	0	0	0	0	0	0	0	0	0	0	0	0	0	0	0	0	0	0	0	0	0	0	0	0	0	0	0	0	0	0	0	0	0	
0	0	0	0	0	0	0	0	0	0	0	0	0	0	0	0	0	0	0	0	0	0	0	0	0	1.40407	0	0	0	0	0	0	0	0	0	0	0	0	0	0	0	0	0	0	0	0	0	0	0	0	0	0	0	0	0	0	0	0	0	0	0	0	0	0	0	0	0	0.305785	0.543725	0	0	0	
0	0	0	0	0	0	0	0	0	0	0.194084	0	0	0	0	0	0.202671	0	0	0	0	0	0	0	0	1.74184	0	0	0	0	0	0	1.92436	0	0	0	0	0	0	0	0	0	0	0	0	0	0	0	0	0	0	0	0	0	0	0.178399	0	0	0	0	0	0	0	0	0.514736	0	0	0	0	0	0	0	
0	0.0637695	0	0	0	0.138258	0	0	0	0	0	0	0	1.97459	0	0	0	0.635544	0	0	0	0	0	0	0	0	0	0	0	0	0	0.800217	0	0	0	0	0	0	0	0	0	0	0	0	0	0	0	0	0	0	0	0	0	0	0	0	0	0	0	0	0	0	0	0	0	0	0	0	0	0	0	0	
0	1.04787	0	0.913744	0.669211	0	0	0	0	0	0	0	0	0.427639	0	0	0	0	0	0	0	0	0	0	0.219201	0	0	0	0	0	0	0	0	0	0	0	0	0	0	0	0	0	0	0	0	0	0	0	0	0	0	0	0	0	0	0	0	0	0	0	0	0	0	0	0	0	0	0	0	0	0	0	
0	0	0	0	0	0	0	0	0	0	0	0	0	0	0	0	0	0	0	0	0	0	0	0	0	0.88672	0	0	0	0	0	0.0498363	0.267069	0.338846	0.101785	0	0	0	0	0	0	1.26467	0	0	0	1.44569	1.6287	0	0	0	0	0	0	0	0	0	0	0	0	0	0	0	0	0	0	0	0	0	0	0	0	0	
0	0	0	0	0	0	0	0	0	0	0	0	0	0	0	0	0	0	0.369915	0.503878	0	0	0	0	0	0	0	0	0	0	0.0408344	0.924277	4.95313	6.28432	1.88772	0.134252	0	0	0	0	0	0	0	0	0	0	0	0	0	0	0	0	0	0	0	0	0	0	0.302297	0	0	0	0	0	0	0	0	0	0	0	0	0	
0	0	0.120166	0	0	0	0	0	0	0	0	0	0	0.243337	0	0	0	0	0	0	0	0	0	0	0	0	0	0	0	0	0.179301	4.05844	21.7489	27.5941	8.28888	0.589492	0	0	0	0	0	0.419571	0	0	0	0	1.17768	0	0	0	0	0	0	0	0	0	0	0	0	0	1.10928	0	0.534357	0	0	0	0	0	1.29459	0	0	0	
0	0	0.296544	0	0	0	0	0	0	0	0	0	0	0	0	0	1.42074	0	0	0	0	2.56771	2.23543	0	0	0	0	0	0	0	0.186398	4.21909	22.6097	28.6863	8.61698	0.612825	0.0103186	0	0	0	0	0	0	0	1.04553	0	0	0	0	0	0.278007	0	0	0	0	0	0	0	0	0	0	0	0	0	0	0	0	0	0	0	0	0	
0	0	0	0	0	0	0	0	0.505208	0	0	0	0	0	0	0	0	0	0	0	0	0	0	0	0	0	0	0	0	0	0	1.03843	5.56488	7.06049	1.78295	0.150833	0	0	0	0	0	0	0	0	0	0	0	0	0	0.254133	0.231829	0	0	0	0.717037	0	0	0	0	0	0	0	0	0	0	0	0	0	0	0	0	0	
0	0	0	0.60287	0	0	0	0	0	0	0	0	0	0	0	0	0	0	0	0	0	0	0	0	0	0	0	0	0	0	0	0.0605119	0.324278	0.411431	0.123588	0	0	0	0	0	0	0	0	0	0	0	0	0	0	0	0	0	0	0	0.424367	0	0	0	0	0	0	0	0	0	0	0	0	0	0	0	0	0	
0	0	0	0	0	0	0	0	0	0	0	0	0	0.268704	0	0	0	0	0	0	0	0	1.50811	0	0	0	0	0	0	0	0	0	0	0	0	0	0	0	0	0	0	0	0	0	0	0	0	0	0	0	0	0	0	0	0	0	0	0	0	0	0	0	0	0	0	0	0	0	2.77064	0	0	0	
0	0	0	0	0	0	0	0	0	0.527226	0	0	0	0	0	0	0	0	0	0	0	0	0	0	0	1.26049	0	0	0	0	0	0	0	0	2.17948	0	0	0	0	0	0	0	0	0	0	0	0	0	0	0	0	0	0	1.11907	0	0	0	0	0.0891996	0	0	0	0	0.535937	0	0	0	0	0	0	0	0	
